50.0,100.0,100.0,200.0,Validation
34.0,39.0,75.0,23.0,1.0
19.0,62.0,78.0,63.0,1.0
22.0,50.0,71.0,32.0,1.0
29.0,43.0,68.0,49.0,1.0
30.0,61.0,75.0,51.0,1.0
34.0,65.0,68.0,39.0,1.0
31.0,53.0,61.0,55.0,1.0
35.0,49.0,52.0,61.0,1.0
34.0,49.0,91.0,52.0,1.0
21.0,65.0,77.0,38.0,1.0
40.0,63.0,76.0,34.0,1.0
25.0,44.0,41.0,32.0,1.0
29.0,73.0,67.0,57.0,1.0
14.0,34.5,33.5,22.0,0.0
21.0,47.0,94.0,42.0,1.0
14.0,16.0,71.0,54.0,1.0
53.0,94.0,92.0,28.0,1.0
26.0,35.0,71.0,45.0,1.0
56.0,80.0,73.0,35.0,1.0
29.0,58.0,62.0,58.0,1.0
41.0,69.0,82.0,42.0,1.0
35.0,70.0,69.0,41.0,1.0
35.0,78.0,67.0,58.0,1.0
15.0,62.0,62.0,49.0,1.0
47.0,80.0,71.0,35.0,1.0
28.0,57.0,63.0,51.0,1.0
35.0,49.0,65.0,47.0,1.0
25.0,62.0,68.0,39.0,1.0
40.0,68.0,60.0,47.0,1.0
44.0,89.0,57.0,39.0,1.0
11.0,23.0,30.0,18.0,0.0
27.0,57.0,63.0,41.0,1.0
40.0,78.0,61.0,65.0,1.0
28.0,60.0,65.0,56.0,1.0
20.0,28.5,35.0,6.0,0.0
26.0,77.0,65.0,69.0,1.0
23.0,54.0,58.0,40.0,1.0
22.0,42.0,59.0,39.0,1.0
5.0,42.0,74.0,27.0,1.0
17.0,83.0,77.0,61.0,1.0
24.0,78.0,72.0,32.0,1.0
34.0,57.0,74.0,54.0,1.0
50.0,75.0,51.0,47.0,1.0
49.0,66.0,75.0,65.0,1.0
31.0,65.0,76.0,34.0,1.0
34.0,52.0,61.0,68.0,1.0
33.0,76.0,79.0,26.0,1.0
25.0,57.0,80.0,33.0,1.0
26.0,63.0,71.0,41.0,1.0
34.0,74.0,62.0,61.0,1.0
22.0,56.0,69.0,39.0,1.0
20.0,59.0,70.0,33.0,1.0
31.0,71.0,71.0,41.0,1.0
30.0,53.0,83.0,38.0,1.0
39.0,86.0,60.0,49.0,1.0
18.0,61.0,59.0,67.0,1.0
32.0,68.0,72.0,70.0,1.0
41.0,66.0,58.0,59.0,1.0
21.0,38.0,59.0,38.0,1.0
36.0,82.0,80.0,33.0,1.0
52.0,68.0,66.0,45.0,1.0
36.0,70.0,73.0,71.0,1.0
10.0,20.0,27.5,41.0,0.0
25.0,73.0,49.0,45.0,1.0
21.0,46.0,77.0,49.0,1.0
34.0,84.0,84.0,35.0,1.0
15.0,49.0,84.0,59.0,1.0
16.0,51.0,79.0,42.0,1.0
30.0,50.0,92.0,34.0,1.0
13.0,24.5,34.5,12.0,0.0
24.0,24.0,53.0,63.0,1.0
38.0,72.0,71.0,56.0,1.0
31.0,72.0,75.0,54.0,1.0
16.0,58.0,69.0,32.0,1.0
36.0,59.0,64.0,64.0,1.0
32.0,68.0,80.0,58.0,1.0
54.0,92.0,84.0,58.0,1.0
34.0,68.0,65.0,65.0,1.0
35.0,66.0,56.0,69.0,1.0
42.0,50.0,70.0,52.0,1.0
13.0,33.5,34.5,27.0,0.0
40.0,51.0,58.0,45.0,1.0
25.0,50.0,53.0,70.0,1.0
24.0,80.0,85.0,17.0,1.0
32.0,52.0,81.0,33.0,1.0
9.0,34.0,28.5,25.5,0.0
39.0,87.0,65.0,49.0,1.0
44.0,63.0,56.0,68.0,1.0
34.0,81.0,72.0,48.0,1.0
13.5,22.0,40.0,30.0,0.0
11.5,23.0,39.0,11.5,0.0
43.0,91.0,68.0,29.0,1.0
19.0,37.0,33.5,29.5,0.0
25.0,66.0,75.0,58.0,1.0
40.0,77.0,64.0,34.0,1.0
31.0,41.0,76.0,47.0,1.0
42.0,70.0,60.0,63.0,1.0
22.0,46.0,55.0,77.0,1.0
25.0,55.0,82.0,37.0,1.0
21.0,74.0,60.0,71.0,1.0
